Webots Project File version R2023b
perspectives: 000000ff00000000fd0000000200000001000005c700000270fc0200000001fb0000001400540065007800740045006400690074006f0072000000001e000002700000004600ffffff0000000300000780000000ebfc0100000001fb0000001a0043006f006e0073006f006c00650041006c006c0041006c006c0100000000000007800000006900ffffff00000780000002a600000001000000020000000100000008fc00000000
simulationViewPerspectives: 000000ff0000000100000002000001a5000005d90100000002010000000100
sceneTreePerspectives: 000000ff000000010000000300000026000001e6000000fa0100000002010000000200
maximizedDockId: -1
centralWidgetVisible: 1
orthographicViewHeight: 1
textFiles: -1
globalOptionalRendering: DistanceSensorRays::CoordinateSystem::LightSensorRays::LightPositions
consoles: Console:All:All
renderingDevicePerspectives: complete:camera;1;6.35897;0.000668003;0
